0
-0.0025000000000000022
-0.017500000000000016
-0.012500000000000011
-0.027499999999999913
-0.05749999999999994
-0.05749999999999994
-0.06749999999999995
-0.08249999999999996
-0.07249999999999995
-0.07749999999999996
-0.09749999999999998
-0.10749999999999998
-0.1175
-0.1275
-0.12249999999999989
-0.1275
-0.1375
-0.10749999999999998
-0.12249999999999989
-0.1175
-0.12249999999999989
-0.1275
-0.12249999999999989
-0.1175
-0.1375
-0.14750000000000002
-0.15750000000000003
-0.16249999999999992
-0.1275
-0.1324999999999999
-0.11249999999999988
-0.11249999999999988
-0.1275
-0.12249999999999989
-0.1175
-0.1175
-0.1175
-0.12249999999999989
-0.11249999999999988
-0.1175
-0.09249999999999986
-0.04249999999999993
0.017500000000000016
0.11249999999999999
0.20250000000000007
0.31250000000000006
0.43750000000000006
0.5625
0.6525000000000001
0.6775
0.6375
0.4925000000000001
0.30250000000000005
0.07750000000000007
-0.16750000000000004
-0.3875
-0.5924999999999998
-0.7374999999999998
-0.8225
-0.8174999999999999
-0.7574999999999998
-0.6424999999999998
-0.5574999999999999
-0.46249999999999997
-0.3924999999999999
-0.32250000000000006
-0.2425
-0.18750000000000006
-0.1275
-0.09749999999999998
-0.07249999999999995
-0.06749999999999995
-0.11249999999999988
-0.10249999999999987
-0.11249999999999988
-0.10249999999999987
-0.08749999999999997
-0.07249999999999995
-0.052499999999999936
-0.03249999999999992
-0.027499999999999913
-0.02250000000000002
-0.017500000000000016
-0.027499999999999913
-0.03749999999999992
-0.02250000000000002
-0.027499999999999913
-0.03749999999999992
-0.027499999999999913
-0.017500000000000016
-0.0025000000000000022
0.017500000000000016
0.012500000000000011
0.0025000000000000022
0.012500000000000011
0.017500000000000016
0.012500000000000011
0.0025000000000000022
0.0025000000000000022
0.0025000000000000022
